841465
841466
841467
841468
841473
841480
841481
841482
841483
841484
841486
841488
841489
841493
841494
841495
841498
841500
841504
841512
841515
841517
841519
841521
841526
841527
841528
841529
841530
841536
841541
841545
841549
841560
841567
841568
841572
841573
841576
841579
841582
841586
841587
841588
841589
841591
841596
841599
841600
841605
841607
841614
841624
841634
841636
841637
841639
841642
841643
841644
841645
841646
841648
841649
841651
841654
841658
841667
841669
841674
841683
841685
841689
841696
841697
841700
841704
841709
841714
841715
841716
841718
841721
841728
841731
841742
841747
841811
841830
841876
841884
841910
841966
841974
841982
841990
842001
842037
842051
842065
842085
842120
842478
842536
842627
842645
842699
